11684746228073266719959549157284314726935334408339587432553547765877463589746. 88292700476770993044947504557490127017209419177834324143729767877353941351180.
114710266429171594770332045454435399218223854381712850173701132294815343687326. 8120851294403692486001702857858409315851395798331855042260142705003627966504.
43424131405034451436428674784864320403704456429602286710589870854106092136588. 78386400323895455945227633197683928766687319834605581125160401552199424075636.
107268532990698497593966672545607817154013416629256887662286709005827884985747. 113849141514147322188290288797984980017852257248211901008352446640237456439298.
101280644278155658420517201130746656446318281434194916376696266037537624528062. 62460353185902428548758501310360960558426848187466155239347561055866308921626.
85465050296832624852195132332810279196284794963126623805889682747013339219831. 43481933229539556754225875266395279745140912574042507791848642324319996972162.
39982232060718941916208777652146493426973371765440921324193879150914356382279. 102534695501484003352935246275980103946396531284426168976570639311061331171818.
27862126851292547857155269170315051524100724268686594900691728050083631822536. 76180269991089115363181734916865332884072807872941476685863980201309652810643.
33375821206355932667292138396480990592232373905928698986878372038872838226460. 3851947367166470210620077132815272983143779660189710562152026815017001082996.
75481388715327759523052168376578757740024223835495665223242293541248584037967. 104750861310139800654271053075219372121218983797413923385165553120236657950466.
