36348374088866844973200143556243664820042373998049594331415809201908054775655. 88990466871623251763657946658256221133797860938687480426758320658999815457848.
86001452978241147414560221331748854723941607787233139020688993033803825394667. 5054738756760345748336557788648837903627974525301421409273594604335449050961.
52009362876657013399614201974691428707457938245586996041646497775598630354799. 64928282222401947790366320878602996038193541343675869006879126605054724170923.
46235903477540879357941555818232208907558265401133094131242752040434553849113. 114705808976467736752330826379247609257272325730495839608110652613829150548608.
100057990961761223605285035881406341779713543588105705975637752497948293089821. 94440377939031441908926296952309587182770696033752302585586869148809574593978.
10717903799281789328329900211359935993595980387726562210156885584110776961573. 100997974112097401647361525238291518200338107794013848669131679726874997706275.
20892878090445878744276240408038185201967332555683786334357333624491113254164. 68484381032871381442121589405161946264889621535860271273045082613740521399375.
18275675244300024910729758936153835307993710252209761984673327363854073110790. 105153867551526273965968443346394345647459819089863700119814458323072928833064.
107482354277712917744265506940225474325650203173169178311624836330139195508759. 112212878236306089709851242416904646876788174491719628821282729485296755946089.
30673820169844614965851930577028852113646969556880600698872278878694332028822. 70744181697427902300661166112692863652641496136706291225304510484192774918586.
50757223330720481244701520564205628325752421345109062975006851106942987688878. 81344603196550875476545728739691164788939273332961279961700660416536631290803.
84648121027756006865941175327123611319421785376314799254718182992429202427970. 19949418566952457506308348611799713151327299143393010684308343773489732062578.
43328476927060366960699247753816274572646097501719449523233529108408238256695. 14912067998447271439575553462094439270088076826643571762433328581826577430299.
17978795268624906333391958976157381001000399017829282054037401581187587345022. 103142601243720704421984742838928362831008776754120502778138486573778235762309.
39430404440557146777030802053091206608014475208623325478234346995870889144013. 66536002579399588207029227471493582200824841992906113263661260247069241904348.
7933089506602657055132429744537542606168568541499573721577418734959163233881. 50672427689710635769602426637570501518243484577350882359865725524467347031533.
73473771288766110189366726170299213327660861655527856317336883840714140348990. 30273531442718318683597078155979856333873494096107119782552583076507581423564.
76877069879406841510993291103575567746713203798936921331151841631229899529049. 41683737003148195556140183269363822489699449598092812348460924993417581151099.
65256806230582825526759588983630554805972487061299754476961222757759751653870. 12361514424685992611854493387039681783439529927956386835762462474736402756897.
71212382287599016335776487823308750553481096076207664295360650593216810332041. 105755437524616517616655198367005648157166305826493101529746248870429121011914.
29247031384149456882369603851916823456984040050071801346137370593683665299858. 2192467177766420881394080710922968149217807179029299822057911921019965339866.
32851363163642818852352543108484259216921382944576402567902946077908968939937. 36683748848930214954196080621449938766988098213509170582512064552005728055846.
91159239761105345978415873037007743125131748016625337043312998795164973736583. 99836200462293953165293427190254200525008129966299603197774680448643227824532.
60262733992452072728531900374373079557836159882966530425299726800631782008604. 36968474002836860755390982741131661715220675541061323793734963738738028365700.
11174554153040828825719401645034260457685290415267775145583987063586764587740. 82810389139934920547672401069035763298704622458512950409504188455850179141474.
26155674939596624311426913601316778885497336621491153129264776434322582083371. 48968517800180674242136399718870254779247133918625991821501436590488991147796.
101530713026384907610191491908975317879885835068049975035432205884310548256999. 102906974957385305866397700246839669488891770590809605540344166445671459074511.
27632427203365087817631843094388575108858390157149094852340568152584306988522. 49136617078318388579658807469023978969217377830407915810305233266541473177607.
99890240262783536538633644807662349661686826917328102102456543793841663654934. 36009688353396306513652617176539459808917416641949317633492035871749504801682.
56512156980105044673389773764384085127399014508751184644555350232207673438638. 17796003016382272761003984005728254823110349526165421599665659079037204493829.
112053625499754689890243675136368591124550489924219576128653613104664895508332. 60957418974866065986861563695691632677545704852844167661599952450001647834500.
106231073528303739095405070153247835542664560861169305168665041160606958056878. 52187788965780827205357620651528575331667641689657478884292832556451083151150.
84624085283325295981144632419679209381385340056920984019977407525039172198354. 75401462290975836930448917201541458268120515550042138730800718119369704072606.
33994653030190271783410552553642588350858942519066550059486595775778999238444. 100854308348065751973405852482121065026162091582458422046203444108509179747620.
112218455187769716159498584185386028615595378856535035923624494631512039057015. 90828794031504430650725427887353126553335921375056695482101635112403007230525.
54800065436588568435948360086260449462626636227655775734021927115133129220104. 39550868822919074963466325462489366570816125762437091922661950969819735891208.
64013827870898568676712587601480063463262383955997873209908967669161112672704. 49749577333380690590317098421974402866948695614056755184962111008773017255336.
30006354183196558849344148104368346572374193653513728951497259434785884250529. 65335009791324914209899763744381174896752444664005117557473584041756988165363.
34490623624999715940497181872748929774709362959016843787891490731369411800458. 92519812773026165616217119715339859095036846278528631574758431972061039312423.
100804999721230794512542084157053775158452141441373785608317211879027691870162. 5361887522303185049644624448866558943041371056457263693811103607049315585886.
108503035738751686439709002397143404880975951146184898575030738119949234856711. 74773694102020187735828652999368975662284837468495445955591094911910716131095.
31678971062097131652440524001487221537068102584180010188501834728998530481798. 35591985604387068113577113460948802786779307026989202681897059300363289711082.
49759080217539143851167465993435324120754619307888528136455818462975563907962. 104097207691408778927057012673061754694378499191235322628220044593975978013299.
90050493169080040017011429459688400962618408467682574432360486158195959381083. 66491058763306634211689397723849597364843129299768183612155386278670995327924.
22158963940017807235906414384462635769891004908138493626331051881540363506164. 91383603484477160994513735506828720164983131541652035947929754419446254508320.
63842927850279098569234789020412129124531028725427308222276877086214906354068. 106141195590634146655502962440199827560686441162727796709587024004839395403566.
41888896362991890138851955564198291862706516224146683691660478376766799782944. 99064497031880724898075973297958232488958591781292009716860412728190934526037.
61739789294298379816084881103281515399818505335935407009204426185961348663616. 100948113363473804935544589562764438926901527194356440499505213896891966765434.
67311817050162799222171297807895419836198375375805894118085245771091090457521. 39636373936488400525188045709457112840872010103563526066890934924820154586011.
99436063119144444839714023058419471204822445121585898885011499141459845246289. 33713855104145967151783630277648515636544571441762113311801995284121216169974.
